#NO	ID	Beg:End	Length	Phased_Ratio	Phased_Abundance	Phased_Number	Phased_Score
1	chromosome_13_76	4823095:4823675	581	0.667	276835	30	250.565
2	chromosome_5_27	2294418:2294851	434	0.829	519477	21	229.147
3	chromosome_10_14	778128:778561	434	0.922	516498	15	181.883
4	chromosome_13_11	791432:791987	556	0.915	202295	12	134.153
5	scaffold_21_9	122584:123143	560	0.891	202295	12	130.625
6	chromosome_17_2	194454:194719	266	0.954	179068	8	92.270
7	chromosome_17_3	194688:194932	245	0.984	174117	7	83.125
8	chromosome_5_8	910189:910643	455	0.903	201932	7	77.251
9	chromosome_5_28	2294882:2295252	371	0.391	59339	15	64.480
10	chromosome_5_9	935213:935541	329	0.958	31659	6	59.578
11	chromosome_12_61	4693035:4693384	350	0.733	16564	8	56.984
12	chromosome_7_56	5813549:5813898	350	0.733	16564	8	56.984
13	chromosome_7_57	5814655:5815004	350	0.733	16564	8	56.984
14	chromosome_12_58	4689121:4689470	350	0.733	16564	8	56.984
15	chromosome_7_53	5811681:5812030	350	0.733	16564	8	56.984
16	chromosome_16_56	5685456:5685826	371	0.799	126054	6	56.284
17	chromosome_1_10	1124523:1124746	224	0.970	96932	5	55.683
18	chromosome_16_55	5679895:5680265	371	0.754	126054	6	53.110
19	chromosome_6_58	6776009:6776316	308	0.905	106137	5	52.359
20	chromosome_8_42	3344927:3345402	476	0.988	39924	5	52.339
21	chromosome_9_6	893956:894473	518	0.370	14647	14	49.676
22	chromosome_17_96	5548964:5549325	362	0.678	33811	7	49.481
23	chromosome_17_79	5524126:5524487	362	0.678	33811	7	49.481
24	chromosome_17_82	5535622:5535983	362	0.678	33811	7	49.481
25	chromosome_17_65	5510784:5511145	362	0.678	33811	7	49.481
26	chromosome_11_6	95656:96017	362	0.678	33811	7	49.481
27	chromosome_17_95	5548453:5548978	526	0.551	10192	9	45.778
28	chromosome_17_81	5535111:5535636	526	0.551	10192	9	45.778
29	chromosome_11_5	95145:95670	526	0.551	10192	9	45.778
30	chromosome_17_64	5510273:5510798	526	0.551	10192	9	45.778
31	chromosome_17_78	5523615:5524140	526	0.551	10192	9	45.778
32	chromosome_9_73	6518922:6519145	224	0.978	116005	4	45.601
33	chromosome_12_92	6166870:6167177	308	0.939	78969	4	42.359
34	chromosome_1_16	1695588:1695853	266	0.963	28567	4	39.531
35	chromosome_3_61	6573820:6574064	245	0.815	137247	4	38.555
36	chromosome_14_15	1950056:1950405	350	0.505	41009	7	37.512
37	chromosome_17_61	5509007:5509389	383	0.454	17227	8	35.403
38	chromosome_17_102	6674525:6674769	245	0.956	10399	4	35.361
39	chromosome_15_29	113477:113721	245	0.787	52038	4	34.167
40	chromosome_17_93	5547371:5547726	356	0.324	12807	11	33.662
41	chromosome_17_76	5522533:5522888	356	0.324	12807	11	33.662
42	chromosome_15_30	113850:114115	266	0.846	20468	4	33.599
43	chromosome_12_107	7020378:7020664	287	0.897	8964	4	32.648
44	chromosome_5_14	1790691:1790956	266	0.919	6624	4	32.339
45	chromosome_12_112	7066251:7066537	287	0.894	7804	4	32.048
46	chromosome_12_141	9425738:9426087	350	0.684	2317	6	31.778
47	chromosome_17_92	5547187:5547397	211	0.647	17099	5	31.532
48	chromosome_17_75	5522348:5522559	212	0.647	17099	5	31.532
49	chromosome_3_52	5792137:5792360	224	0.921	881	5	31.227
50	chromosome_12_5	413825:414132	308	0.946	3385	4	30.765
51	chromosome_1_49	5450528:5450772	245	0.937	2041	4	28.573
52	chromosome_3_41	4522813:4523288	476	0.410	5407	8	28.218
53	chromosome_3_59	6441585:6441934	350	0.635	6881	5	28.049
54	chromosome_16_59	5928391:5928614	224	0.954	1397	4	27.647
55	chromosome_5_35	2985615:2985859	245	0.861	2372	4	26.767
56	chromosome_10_35	3399797:3400083	287	0.872	2097	4	26.679
57	chromosome_11_25	1824608:1824852	245	0.969	844	4	26.111
58	chromosome_17_20	1036710:1037017	308	0.572	1691	6	25.501
59	chromosome_2_85	9207717:9207982	266	0.774	3771	4	25.500
60	chromosome_10_43	4598571:4598857	287	0.742	807	5	24.825
61	chromosome_17_80	5534200:5534507	308	0.464	5833	6	24.127
62	chromosome_12_111	7065962:7066248	287	0.753	2429	4	23.484
63	chromosome_17_62	5509352:5509708	357	0.362	7562	7	22.617
64	chromosome_12_30	2444521:2444786	266	0.784	973	4	21.590
65	chromosome_11_3	94108:94430	323	0.351	5447	7	21.158
66	chromosome_16_19	185013:185257	245	0.695	1710	4	20.686
67	chromosome_4_33	3389767:3390032	266	0.623	624	5	20.046
68	chromosome_11_11	427141:427448	308	0.615	3330	4	19.941
69	chromosome_6_62	6853967:6854337	371	0.468	1028	6	19.475
70	chromosome_11_16	616685:617055	371	0.383	3807	6	18.923
71	chromosome_11_17	617077:617447	371	0.379	3807	6	18.728
72	chromosome_4_35	3690251:3690558	308	0.384	1691	6	17.113
73	chromosome_17_46	4978331:4978743	413	0.537	513	5	16.753
74	scaffold_41_2	20024:20436	413	0.537	513	5	16.753
75	chromosome_12_8	1299169:1299581	413	0.537	513	5	16.753
76	chromosome_3_95	8595525:8595769	245	0.596	1047	4	16.567
77	chromosome_3_94	8592926:8593170	245	0.596	1047	4	16.567
78	chromosome_9_32	3125514:3125926	413	0.520	513	5	16.221
79	chromosome_6_76	8059671:8059957	287	0.496	569	5	15.740
80	chromosome_1_33	3724885:3725192	308	0.487	459	5	14.915
81	chromosome_11_30	2205519:2205868	350	0.414	328	6	14.403
82	chromosome_11_20	1337190:1337539	350	0.414	328	6	14.403
83	chromosome_11_10	422525:422874	350	0.447	1857	4	13.460
84	chromosome_6_41	4089628:4089914	287	0.542	404	4	13.008
85	scaffold_36_1	2:307	306	0.521	495	4	12.920
86	chromosome_16_41	3391366:3391652	287	0.368	881	5	12.493
87	chromosome_15_2	4798:5189	392	0.485	163	5	12.346
88	chromosome_16_1	2884:3275	392	0.485	163	5	12.346
89	chromosome_3_78	8403477:8403868	392	0.485	163	5	12.346
90	chromosome_15_16	17553:17944	392	0.485	163	5	12.346
91	chromosome_2_38	5761055:5761425	371	0.340	330	5	9.845
92	chromosome_7_27	2591646:2591932	287	0.350	1029	4	9.723
93	chromosome_8_9	347747:347991	245	0.352	809	4	9.423
